 SOD
 EINITIAL = -14.2663
 UMIN = -24.9862
 DMIN = 2.24663
 MU   = 3.04009
