 LIT
 EINITIAL = -14.2786
 UMIN = -33.9486
 DMIN = 1.94319
 MU   = 3.33777
