 CES
 EINITIAL = -10.2471
 UMIN = -14.17
 DMIN = 2.99737
 MU   = 2.60754
