 IOD
 EINITIAL = 51.6207
 UMIN = -11.6237
 DMIN = 3.45474
 MU   = 2.54601
