 BRO
 EINITIAL = 31.9154
 UMIN = -14.1419
 DMIN = 3.18837
 MU   = 2.66317
