 FLU
 EINITIAL = 16.23
 UMIN = -6.102769E+07
 DMIN = 1.90061
 MU   = 7.20789
