 CLA
 EINITIAL = 24.8241
 UMIN = -16.2467
 DMIN = 3.01716
 MU   = 2.75749
