 POT
 EINITIAL = -13.8
 UMIN = -18.578
 DMIN = 2.60958
 MU   = 2.79562
