 RUB
 EINITIAL = -12.9731
 UMIN = -16.4737
 DMIN = 2.78181
 MU   = 2.70421
